,P1,P2,P3,P4,P5,P6,P7,P8,P9,P10,Class
1,7.6,1.0,1.0,1.0,1.0,6.0,49.0,1.0,1.0,40.0,L
2,9.7,2.7,5.6,1.0,1.0,1.0,34.0,1.0,1.0,1.0,L
3,1.0,6.0,1.0,1.0,1.0,3.0,39.0,1.0,28.0,1.0,L
4,8.0,25.5,1.0,1.0,1.0,1.0,24.0,1.0,1.0,1.0,L
5,1.0,29.0,1.0,1.0,1.0,1.0,38.0,29.0,20.0,1.0,L
6,4.0,34.0,1.0,1.0,1.0,39.0,14.0,1.0,12.0,1.0,L
7,1.0,17.0,1.0,1.0,1.0,1.0,20.8,1.0,14.6,1.0,L
8,1.0,1.0,1.0,1.0,1.0,1.0,19.0,17.5,1.0,1.0,L
9,1.0,30.0,1.0,1.0,1.0,3.0,23.0,1.0,1.0,1.0,L
10,1.0,5.0,25.0,1.0,1.0,17.0,6.3,1.0,17.0,1.0,L
1,11.8,19.0,1.0,1.0,1.0,11.3,2.0,4.0,5.0,1.0,C
2,12.0,17.0,20.0,9.0,1.0,23.0,4.0,7.0,1.0,1.0,C
3,14.0,30.0,8.0,1.0,11.0,24.0,38.0,1.0,3.5,1.0,C
4,10.5,10.4,11.5,20.5,1.0,22.0,3.0,15.0,5.6,3.7,C
5,1.0,13.5,8.0,6.6,1.0,37.0,1.0,1.0,1.0,4.0,C
6,12.4,22.0,1.0,1.0,1.0,29.0,17.0,11.0,1.0,1.0,C
7,1.0,43.0,1.0,1.0,1.0,10.0,18.0,8.6,1.0,1.0,C
8,15.0,12.0,1.0,35.0,1.0,1.0,1.0,10.0,3.0,1.0,C
9,1.0,24.0,8.0,1.0,1.0,1.0,4.0,1.0,1.0,1.0,C
10,4.6,2.0,7.4,1.0,1.0,22.0,5.6,1.0,25.0,1.0,C
1,1.0,39.0,11.0,13.0,1.0,1.0,28.0,7.0,1.0,7.0,W
2,8.0,52.0,22.0,10.0,1.0,1.0,33.0,13.0,1.0,4.8,W
3,1.0,28.0,1.0,10.0,1.0,1.0,24.0,3.0,1.0,4.0,W
4,8.8,11.0,1.0,1.0,1.0,1.0,1.0,1.0,1.0,1.0,W
5,1.0,42.0,1.0,1.0,1.0,69.0,1.0,31.0,1.0,49.0,W
6,9.0,36.0,11.0,14.0,24.0,1.0,8.0,1.0,1.0,15.8,W
7,13.0,33.0,12.7,8.7,1.0,1.0,7.8,38.0,1.0,1.0,W
8,1.0,36.0,12.0,1.0,1.0,12.0,1.0,1.0,1.0,1.0,W
9,1.0,10.0,12.0,1.0,1.0,1.0,64.0,13.0,1.0,14.0,W
10,8.0,31.0,19.0,1.0,24.0,1.0,48.0,1.0,1.0,1.0,W
1,1.0,9.7,6.8,53.0,1.0,57.0,1.0,9.5,1.0,1.0,B
2,5.8,16.3,1.0,10.8,1.0,58.0,1.0,1.0,1.0,1.0,B
3,1.0,38.0,17.0,34.0,1.0,55.0,1.0,8.0,1.0,1.0,B
4,1.0,42.0,1.0,26.0,1.0,1.0,65.0,44.0,1.0,1.0,B
5,41.0,43.0,16.0,9.7,1.0,36.0,61.0,1.0,1.0,1.0,B
6,47.0,20.0,1.0,1.0,1.0,1.0,28.0,7.7,1.0,1.0,B
7,22.0,92.0,1.0,1.0,1.0,20.0,15.0,1.0,1.0,1.0,B
8,31.0,72.0,1.0,1.0,1.0,1.0,20.0,1.0,1.0,1.0,B
